000000000                  |000000000
000000000                  |000000101
000000000                  |000012901
000000000                  |000012903
000000000                  |000012904
000000000                  |000012905
000000000                  |000012906
000000000                  |000012907
000000000                  |000012908
000000000                  |000012911
000000000                  |000012914
000000000                  |000014765
000000000                  |000014770
000000000                  |000014771
000000000                  |000014772
000000000                  |000014774
000000000                  |000014778
000000000                  |000014800
000000000                  |000014810
000000000                  |000014814
000000000                  |000014815
000000000                  |000014817
000000000                  |000014828
000000000                  |000014839
000000000                  |000014857
000000000                  |000014858
000000000                  |000014859
000000000                  |000014869
000000000                  |000014870
000000000                  |000014873
000000000                  |000014878
000000000                  |000014880
000000000                  |000014898
000000000                  |000014902
000000000                  |000014904
000000000                  |000014916
000000000                  |000014936
000000000                  |000014937
000000000                  |000014948
000000000                  |000014949
000000000                  |000014950
000000000                  |000014951
000000000                  |000014953
000000000                  |000014954
000000000                  |000015055
000000000                  |000015056
000000000                  |000015057
000000000                  |000015058
000000000                  |000015061
000000000                  |000015062
000000000                  |000015063
000000000                  |000015065
000000000                  |000015067
000000000                  |000015069
000000000                  |000015070
000000000                  |000015071
000000000                  |000015072
000000000                  |000015074
000000000                  |000015075
000000000                  |000015076
000000000                  |000015077
000000000                  |000015078
000000000                  |000015079
000000000                  |000015080
000000000                  |000015081
000000000                  |000015082
000000000                  |000015083
000000000                  |000015085
000000000                  |000015086
000000000                  |000015087
000000000                  |000015088
000000000                  |000015089
000000000                  |000015090
000000000                  |000015091
000000000                  |000015092
000000000                  |000015093
000000000                  |000015094
000000000                  |000015095
000000000                  |000015096
000000000                  |000015097
000000000                  |000015098
000000000                  |000015099
000000000                  |000015100
000000000                  |000015101
000000000                  |000015102
000000000                  |000015103
000000000                  |000015104
000000000                  |000015105
000000000                  |000015106
000000000                  |000015107
000000000                  |000015109
000000000                  |000015111
000000000                  |000015112
000000000                  |000015113
000000000                  |000015114
000000000                  |000015116
000000000                  |000015121
000000000                  |000015122
000000000                  |000015127
000000000                  |000015128
000000000                  |000015129
000000000                  |000015130
000000000                  |000015131
000000000                  |000015132
000000000                  |000015133
000000000                  |000015134
000000000                  |000015135
000000000                  |000015136
000000000                  |000015137
000000000                  |000015138
000000000                  |000015139
000000000                  |000015140
000000000                  |000015141
000000000                  |000015142
000000000                  |000015143
000000000                  |000015144
000000000                  |000015145
000000000                  |000015146
000000000                  |000015147
000000000                  |000015148
000000000                  |000015149
000000000                  |000015150
000000000                  |000015151
000000000                  |000015152
000000000                  |000015153
000000000                  |000015154
000000000                  |000015155
000000000                  |000015156
000000000                  |000015157
000000000                  |000015158
000000000                  |000015159
000000000                  |000015160
000000000                  |000015161
000000000                  |000015162
000000000                  |000015163
000000000                  |000015164
000000000                  |000015165
000000000                  |000015166
000000000                  |000015167
000000000                  |000015168
000000000                  |000015169
000000000                  |000015170
000000000                  |000015171
000000000                  |000015172
000000000                  |000015173
000000000                  |000015174
000000000                  |000015175
000000000                  |000015176
000000000                  |000015178
000000000                  |000015209
000000000                  |000015210
000000000                  |000015211
000000000                  |000015212
000000000                  |000015213
000000000                  |000015214
000000000                  |000015221
000000000                  |000015222
000000000                  |000015223
000000000                  |000015224
000000000                  |000015225
000000000                  |000015226
000000000                  |000015229
000000000                  |000015231
000000000                  |000015238
000000000                  |000015241
000000000                  |000015246
000000000                  |000015248
000000000                  |000015249
000000000                  |000015250
000000000                  |000015251
000000000                  |000015252
000000000                  |000015254
000000000                  |000015255
000000000                  |000015256
000000000                  |000015265
000000000                  |000015266
000000000                  |000015271
000000000                  |000015275
000000000                  |000015283
000000000                  |000015285
000000000                  |000015286
000000000                  |000015297
000000000                  |000015299
000000000                  |000015307
000000000                  |000015308
000000000                  |000015325
000000000                  |000015328
000000000                  |000015329
000000000                  |000015330
000000000                  |000015332
000000000                  |000015333
000000000                  |000015334
000000000                  |000015336
000000000                  |000015337
000000000                  |000015348
000000000                  |000015349
000000000                  |000015354
000000000                  |000015355
000000000                  |000015356
000000000                  |000015357
000000000                  |000015364
000000000                  |000015366
000000000                  |000015367
000000000                  |000015368
000000000                  |000015369
000000000                  |000015371
000000000                  |000015372
000000000                  |000015373
000000000                  |000015375
000000000                  |000015376
000000000                  |000015377
000000000                  |000015378
000000000                  |000015380
000000000                  |000015382
000000000                  |000015383
000000000                  |000015384
000000000                  |000015389
000000000                  |000015390
000000000                  |000015426
000000000                  |000015431
000000000                  |000015432
000000000                  |000015433
000000000                  |000015434
000000000                  |000015437
000000000                  |000015439
000000000                  |000015448
000000000                  |000015450
000000000                  |000015454
000000000                  |000015457
000000000                  |000015485
000000000                  |000015486
000000000                  |000015487
000000000                  |000015490
000000000                  |000015491
000000000                  |000015492
000000000                  |000015507
000000000                  |000015508
000000000                  |000015509
000000000                  |000015510
000000000                  |000015511
000000000                  |000015512
000000000                  |000015513
000000000                  |000015520
000000000                  |000015521
000000000                  |000015522
000000000                  |000015578
000000000                  |000015737
000000000                  |000015766
000000000                  |000015767
000000000                  |000015769
000000000                  |000015770
000000000                  |000015787
000000000                  |000015788
000000000                  |000015809
000000000                  |000015811
000000000                  |000015814
000000000                  |000015815
000000000                  |000015816
000000000                  |000015817
000000000                  |000015818
000000000                  |000015958
000000000                  |000016400
000000000                  |000016500
000000000                  |000016601
000000000                  |000016700
000000000                  |000016900
000000000                  |000017102
000000000                  |000017201
000000000                  |000017400
000000000                  |000017602
000000000                  |000017603
000000000                  |000017700
000000000                  |000017701
000000000                  |000017702
000000000                  |000017800
000000000                  |000017801
000000000                  |000017900
000000000                  |000017901
000000000                  |000017903
000000000                  |000017904
000000000                  |000017905
000000000                  |000017906
000000000                  |000017909
000000000                  |000017910
000000000                  |000017912
000000000                  |000017914
000000000                  |000017916
000000101                  |000012906
000000101                  |000012907
000000101                  |000012908
000000101                  |000012911
000000101                  |000012914
000000101                  |000014765
000000101                  |000014770
000000101                  |000014771
000000101                  |000014772
000000101                  |000014774
000000101                  |000014778
000000101                  |000014800
000000101                  |000014810
000000101                  |000014814
000000101                  |000014815
000000101                  |000014817
000000101                  |000014828
000000101                  |000014839
000000101                  |000014857
000000101                  |000014858
000000101                  |000014859
000000101                  |000014869
000000101                  |000014870
000000101                  |000014873
000000101                  |000014878
000000101                  |000014880
000000101                  |000014898
000000101                  |000014902
000000101                  |000014904
000000101                  |000014916
000000101                  |000014936
000000101                  |000014937
000000101                  |000014948
000000101                  |000014949
000000101                  |000014950
000000101                  |000014951
000000101                  |000014953
000000101                  |000014954
000000101                  |000015055
000000101                  |000015056
000000101                  |000015057
000000101                  |000015058
000000101                  |000015061
000000101                  |000015062
000000101                  |000015063
000000101                  |000015065
000000101                  |000015067
000000101                  |000015069
000000101                  |000015070
000000101                  |000015071
000000101                  |000015072
000000101                  |000015074
000000101                  |000015075
000000101                  |000015076
000000101                  |000015077
000000101                  |000015078
000000101                  |000015079
000000101                  |000015080
000000101                  |000015081
000000101                  |000015082
000000101                  |000015083
000000101                  |000015085
000000101                  |000015086
000000101                  |000015087
000000101                  |000015088
000000101                  |000015089
000000101                  |000015090
000000101                  |000015091
000000101                  |000015092
000000101                  |000015093
000000101                  |000015094
000000101                  |000015095
000000101                  |000015096
000000101                  |000015097
000000101                  |000015098
000000101                  |000015099
000000101                  |000015100
000000101                  |000015101
000000101                  |000015102
000000101                  |000015103
000000101                  |000015104
000000101                  |000015105
000000101                  |000015106
000000101                  |000015107
000000101                  |000015109
000000101                  |000015111
000000101                  |000015112
000000101                  |000015113
000000101                  |000015114
000000101                  |000015116
000000101                  |000015121
000000101                  |000015122
000000101                  |000015127
000000101                  |000015128
000000101                  |000015129
000000101                  |000015130
000000101                  |000015131
000000101                  |000015132
000000101                  |000015133
000000101                  |000015134
000000101                  |000015135
000000101                  |000015136
000000101                  |000015137
000000101                  |000015138
000000101                  |000015139
000000101                  |000015140
000000101                  |000015141
000000101                  |000015142
000000101                  |000015143
000000101                  |000015144
000000101                  |000015145
000000101                  |000015146
000000101                  |000015147
000000101                  |000015148
000000101                  |000015149
000000101                  |000015150
000000101                  |000015151
000000101                  |000015152
000000101                  |000015153
000000101                  |000015154
000000101                  |000015155
000000101                  |000015156
000000101                  |000015157
000000101                  |000015158
000000101                  |000015159
000000101                  |000015160
000000101                  |000015161
000000101                  |000015162
000000101                  |000015163
000000101                  |000015164
000000101                  |000015165
000000101                  |000015166
000000101                  |000015167
000000101                  |000015168
000000101                  |000015169
000000101                  |000015170
000000101                  |000015171
000000101                  |000015172
000000101                  |000015173
000000101                  |000015174
000000101                  |000015175
000000101                  |000015176
000000101                  |000015178
000000101                  |000015209
000000101                  |000015210
000000101                  |000015211
000000101                  |000015212
000000101                  |000015213
000000101                  |000015214
000000101                  |000015221
000000101                  |000015222
000000101                  |000015223
000000101                  |000015224
000000101                  |000015225
000000101                  |000015226
000000101                  |000015229
000000101                  |000015231
000000101                  |000015238
000000101                  |000015241
000000101                  |000015246
000000101                  |000015248
000000101                  |000015249
000000101                  |000015250
000000101                  |000015251
000000101                  |000015252
000000101                  |000015254
000000101                  |000015255
000000101                  |000015256
000000101                  |000015265
000000101                  |000015266
000000101                  |000015271
000000101                  |000015275
000000101                  |000015283
000000101                  |000015285
000000101                  |000015286
000000101                  |000015297
000000101                  |000015299
000000101                  |000015307
000000101                  |000015308
000000101                  |000015325
000000101                  |000015328
000000101                  |000015329
000000101                  |000015330
000000101                  |000015332
000000101                  |000015333
000000101                  |000015334
000000101                  |000015336
000000101                  |000015337
000000101                  |000015348
000000101                  |000015349
000000101                  |000015354
000000101                  |000015355
000000101                  |000015356
000000101                  |000015357
000000101                  |000015364
000000101                  |000015366
000000101                  |000015367
000000101                  |000015368
000000101                  |000015369
000000101                  |000015371
000000101                  |000015372
000000101                  |000015373
000000101                  |000015375
000000101                  |000015376
000000101                  |000015377
000000101                  |000015378
000000101                  |000015380
000000101                  |000015382
000000101                  |000015383
000000101                  |000015384
000000101                  |000015389
000000101                  |000015390
000000101                  |000015426
000000101                  |000015431
000000101                  |000015432
000000101                  |000015433
000000101                  |000015434
000000101                  |000015437
000000101                  |000015439
000000101                  |000015448
000000101                  |000015450
000000101                  |000015454
000000101                  |000015457
000000101                  |000015485
000000101                  |000015486
000000101                  |000015487
000000101                  |000015490
000000101                  |000015491
000000101                  |000015492
000000101                  |000015507
000000101                  |000015508
000000101                  |000015509
000000101                  |000015510
000000101                  |000015511
000000101                  |000015512
000000101                  |000015513
000000101                  |000015520
000000101                  |000015521
000000101                  |000015522
000000101                  |000015578
000000101                  |000015737
000000101                  |000015766
000000101                  |000015767
000000101                  |000015769
000000101                  |000015770
000000101                  |000015787
000000101                  |000015788
000000101                  |000015809
000000101                  |000015811
000000101                  |000015814
000000101                  |000015815
000000101                  |000015816
000000101                  |000015817
000000101                  |000015818
000000101                  |000015958
000000101                  |000016400
000000101                  |000016500
000000101                  |000016601
000000101                  |000016700
000000101                  |000016900
000000101                  |000017102
000000101                  |000017201
000000101                  |000017400
000000101                  |000017602
000000101                  |000017603
000000101                  |000017700
000000101                  |000017701
000000101                  |000017702
000000101                  |000017800
000000101                  |000017801
000000101                  |000017900
000000101                  |000017901
000000101                  |000017903
000000101                  |000017904
000000101                  |000017905
000000101                  |000017906
000000101                  |000017909
000000101                  |000017910
000000101                  |000017912
000000101                  |000017914
000000101                  |000017916
000000101                  |000017923
000000101                  |000017925
000000101                  |000017926
000012903                  |000014858
000012903                  |000014859
000012903                  |000014869
000012903                  |000014870
000012903                  |000015209
000012903                  |000015221
000012903                  |000015222
000012903                  |000015229
000012903                  |000015308
000012903                  |000015578
000012903                  |000017801
000012903                  |000017905
000012903                  |000017906
000012903                  |000018304
000012903                  |000018305
000012903                  |000018306
000012903                  |000018404
000012903                  |000018405
000012903                  |000018803
000012903                  |000019300
000012903                  |000019301
000012903                  |000019302
000012903                  |000019303
000012903                  |000019304
000012903                  |000019305
000012903                  |000019306
000012903                  |000019602
000012903                  |000019603
000012903                  |000020001
000012903                  |000020200
000012903                  |000020300
000012903                  |000020302
000012903                  |000020500
000012903                  |000020700
000012903                  |000020901
000012903                  |000021001
000012903                  |000021700
000012903                  |000021701
000012903                  |000021803
000012903                  |000021821
000012903                  |000021900
000012903                  |000021905
000012903                  |000022102
000012904                  |000012904
000012904                  |000014878
000012904                  |000014898
000012904                  |000014902
000012904                  |000014904
000012904                  |000014936
000012904                  |000014937
000012904                  |000014948
000012904                  |000016400
000012904                  |000017602
000012904                  |000017916
000012904                  |000018138
000012904                  |000018309
000012904                  |000018401
000012904                  |000018402
000012904                  |000018501
000012904                  |000018804
000012904                  |000018900
000012904                  |000018902
000012904                  |000019107
000012904                  |000019109
000012904                  |000019201
000012904                  |000019610
000012904                  |000019611
000012904                  |000019800
000012904                  |000019801
000012904                  |000020403
000012904                  |000020801
000012904                  |000021000
000012904                  |000021400
000012904                  |000021802
000012904                  |000021807
000012904                  |000021829
000012904                  |000022304
000012904                  |000022307
000012905                  |000012905
000012905                  |000014949
000012905                  |000014951
000012905                  |000014953
000012905                  |000014954
000012905                  |000015325
000012905                  |000015328
000012905                  |000015329
000012905                  |000015332
000012905                  |000015333
000012905                  |000015334
000012905                  |000015336
000012905                  |000015337
000012905                  |000015348
000012905                  |000015354
000012905                  |000015355
000012905                  |000015356
000012905                  |000015366
000012905                  |000015367
000012905                  |000015368
000012905                  |000015369
000012905                  |000015371
000012905                  |000015373
000012905                  |000015375
000012905                  |000015376
000012905                  |000015377
000012905                  |000015378
000012905                  |000015380
000012905                  |000015382
000012905                  |000015383
000012905                  |000015384
000012905                  |000015389
000012905                  |000015390
000012905                  |000015426
000012905                  |000015431
000012905                  |000015432
000012905                  |000015433
000012905                  |000015437
000012905                  |000015439
000012905                  |000015450
000012905                  |000015454
000012905                  |000015457
000012905                  |000015769
000012905                  |000015770
000012905                  |000015787
000012905                  |000015788
000012905                  |000015809
000012905                  |000015811
000012905                  |000015817
000012905                  |000015818
000012905                  |000017900
000012905                  |000017903
000012905                  |000017904
000012905                  |000017910
000012905                  |000017914
000012905                  |000018102
000012905                  |000018105
000012905                  |000018107
000012905                  |000018110
000012905                  |000018111
000012905                  |000018112
000012905                  |000018113
000012905                  |000018115
000012905                  |000018117
000012905                  |000018118
000012905                  |000018119
000012905                  |000018120
000012905                  |000018126
000012905                  |000018127
000012905                  |000018128
000012905                  |000018129
000012905                  |000018131
000012905                  |000018132
000012905                  |000018133
000012905                  |000018134
000012905                  |000018303
000012905                  |000018601
000012905                  |000018702
000012905                  |000018906
000012905                  |000018907
000012905                  |000018908
000012905                  |000018909
000012905                  |000018911
000012905                  |000019000
000012905                  |000019502
000012905                  |000019503
000012905                  |000019608
000012905                  |000020000
000012905                  |000020301
000012905                  |000020303
000012905                  |000020405
000012905                  |000020407
000012905                  |000020408
000012905                  |000020411
000012905                  |000020701
000012905                  |000020902
000012905                  |000021804
000012905                  |000021809
000012905                  |000021810
000012905                  |000021811
000012905                  |000021813
000012905                  |000021814
000012905                  |000021831
000012905                  |000021832
000012905                  |000021834
000012905                  |000021835
000012905                  |000021837
000012905                  |000021906
000012906                  |000012906
000012906                  |000015055
000012906                  |000015056
000012906                  |000015057
000012906                  |000015058
000012906                  |000015061
000012906                  |000015062
000012906                  |000015063
000012906                  |000015065
000012906                  |000015067
000012906                  |000015069
000012906                  |000015070
000012906                  |000015071
000012906                  |000015072
000012906                  |000015074
000012906                  |000015075
000012906                  |000015076
000012906                  |000015077
000012906                  |000015078
000012906                  |000015079
000012906                  |000015080
000012906                  |000015081
000012906                  |000015082
000012906                  |000015083
000012906                  |000015085
000012906                  |000015086
000012906                  |000015087
000012906                  |000015088
000012906                  |000015089
000012906                  |000015090
000012906                  |000015091
000012906                  |000015092
000012906                  |000015093
000012906                  |000015094
000012906                  |000015095
000012906                  |000015096
000012906                  |000015097
000012906                  |000015098
000012906                  |000015099
000012906                  |000015100
000012906                  |000015101
000012906                  |000015102
000012906                  |000015103
000012906                  |000015104
000012906                  |000015105
000012906                  |000015106
000012906                  |000015107
000012906                  |000015109
000012906                  |000015111
000012906                  |000015112
000012906                  |000015113
000012906                  |000015114
000012906                  |000015116
000012906                  |000015121
000012906                  |000015122
000012906                  |000015127
000012906                  |000015128
000012906                  |000015129
000012906                  |000015130
000012906                  |000015131
000012906                  |000015132
000012906                  |000015133
000012906                  |000015134
000012906                  |000015135
000012906                  |000015136
000012906                  |000015137
000012906                  |000015138
000012906                  |000015139
000012906                  |000015140
000012906                  |000015141
000012906                  |000015142
000012906                  |000015143
000012906                  |000015144
000012906                  |000015145
000012906                  |000015146
000012906                  |000015147
000012906                  |000015148
000012906                  |000015149
000012906                  |000015150
000012906                  |000015151
000012906                  |000015152
000012906                  |000015153
000012906                  |000015154
000012906                  |000015155
000012906                  |000015156
000012906                  |000015157
000012906                  |000015158
000012906                  |000015159
000012906                  |000015160
000012906                  |000015161
000012906                  |000015162
000012906                  |000015163
000012906                  |000015164
000012906                  |000015165
000012906                  |000015166
000012906                  |000015167
000012906                  |000015168
000012906                  |000015169
000012906                  |000015170
000012906                  |000015171
000012906                  |000015172
000012906                  |000015173
000012906                  |000015174
000012906                  |000015175
000012906                  |000015176
000012906                  |000015178
000012906                  |000015485
000012906                  |000015486
000012906                  |000015487
000012906                  |000015490
000012906                  |000015491
000012906                  |000015492
000012906                  |000015507
000012906                  |000015508
000012906                  |000015509
000012906                  |000015510
000012906                  |000015511
000012906                  |000015512
000012906                  |000015513
000012906                  |000015520
000012906                  |000015521
000012906                  |000015522
000012906                  |000018300
000012906                  |000018301
000012906                  |000018805
000012906                  |000019900
000012906                  |000021300
000012906                  |000021301
000012906                  |000021302
000012906                  |000021303
000012906                  |000021304
000012906                  |000021801
000012906                  |000021907
000012906                  |000022000
000012906                  |000022400
000012907                  |000012907
000012907                  |000014810
000012907                  |000015211
000012907                  |000015212
000012907                  |000015214
000012907                  |000015223
000012907                  |000015224
000012907                  |000015225
000012907                  |000015226
000012907                  |000015238
000012907                  |000015241
000012907                  |000015958
000012907                  |000017901
000012907                  |000017909
000012907                  |000017925
000012907                  |000017926
000012907                  |000020800
000012907                  |000021822
000012907                  |000021825
000012907                  |000022101
000012907                  |000022202
000012907                  |000022305
000012908                  |000012908
000012908                  |000015246
000012908                  |000015248
000012908                  |000015249
000012908                  |000015250
000012908                  |000015251
000012908                  |000015254
000012908                  |000015255
000012908                  |000015265
000012908                  |000015266
000012908                  |000015271
000012908                  |000015275
000012908                  |000015283
000012908                  |000015285
000012908                  |000015297
000012908                  |000015299
000012908                  |000017701
000012908                  |000017912
000012908                  |000018137
000012908                  |000019307
000012908                  |000020501
000012908                  |000020600
000012908                  |000020900
000012908                  |000021800
000012908                  |000022100
000012908                  |000022300
000012908                  |000022306
000012908                  |000022308
000012908                  |000022309
000012911                  |000012911
000012911                  |000015231
000012911                  |000016601
000012911                  |000016700
000012911                  |000017102
000012911                  |000017201
000012911                  |000017700
000012911                  |000017702
000012911                  |000018100
000012911                  |000018136
000012911                  |000018140
000012911                  |000018200
000012914                  |000012914
000014765                  |000014765
000014770                  |000014770
000014770                  |000018602
000014770                  |000018905
000014770                  |000019606
000014770                  |000019607
000014771                  |000014771
000014771                  |000014815
000014771                  |000017801
000014771                  |000021900
000014772                  |000014772
000014772                  |000018405
000014772                  |000019300
000014772                  |000019301
000014772                  |000019302
000014772                  |000019303
000014772                  |000019304
000014772                  |000019305
000014772                  |000019306
000014772                  |000019602
000014772                  |000020200
000014772                  |000021001
000014772                  |000021700
000014772                  |000021821
000014772                  |000021905
000014774                  |000014774
000014774                  |000014828
000014774                  |000014839
000014778                  |000014778
000014778                  |000014857
000014778                  |000014858
000014778                  |000014859
000014778                  |000015229
000014778                  |000020300
000014778                  |000022102
000014800                  |000014800
000014810                  |000014810
000014814                  |000014814
000014815                  |000014815
000014817                  |000014817
000014828                  |000014828
000014839                  |000014839
000014857                  |000014857
000014858                  |000014858
000014859                  |000014859
000014869                  |000014869
000014870                  |000014870
000014873                  |000014873
000014878                  |000014878
000014880                  |000014880
000014898                  |000014898
000014902                  |000014902
000014904                  |000014904
000014916                  |000014916
000014936                  |000014936
000014937                  |000014937
000014948                  |000014948
000014949                  |000014949
000014949                  |000015328
000014949                  |000015329
000014949                  |000015332
000014949                  |000015333
000014949                  |000015334
000014949                  |000015336
000014949                  |000015337
000014949                  |000015348
000014949                  |000015355
000014949                  |000015769
000014949                  |000015809
000014949                  |000015811
000014949                  |000017903
000014949                  |000018303
000014949                  |000021834
000014950                  |000014950
000014951                  |000014951
000014951                  |000015366
000014951                  |000015367
000014951                  |000015368
000014951                  |000015375
000014951                  |000015376
000014951                  |000015377
000014951                  |000015378
000014951                  |000015380
000014951                  |000015382
000014951                  |000015383
000014951                  |000015384
000014951                  |000015390
000014951                  |000017904
000014951                  |000018110
000014951                  |000018132
000014951                  |000018134
000014951                  |000018909
000014951                  |000019503
000014951                  |000020411
000014953                  |000014953
000014953                  |000015426
000014953                  |000015431
000014953                  |000015432
000014953                  |000015433
000014953                  |000015437
000014953                  |000015439
000014953                  |000015770
000014953                  |000017910
000014953                  |000017914
000014953                  |000018102
000014953                  |000018107
000014953                  |000018117
000014953                  |000018118
000014953                  |000018119
000014953                  |000018126
000014953                  |000018908
000014953                  |000021835
000014953                  |000021906
000014954                  |000014954
000014954                  |000015450
000014954                  |000015457
000014954                  |000018111
000014954                  |000018112
000014954                  |000018113
000014954                  |000018115
000014954                  |000018127
000014954                  |000018128
000014954                  |000018601
000014954                  |000019000
000014954                  |000019502
000014954                  |000020407
000014954                  |000020902
000014954                  |000021810
000015055                  |000015055
000015055                  |000015070
000015055                  |000015071
000015055                  |000015072
000015055                  |000015074
000015055                  |000015075
000015055                  |000015076
000015055                  |000015077
000015055                  |000015078
000015055                  |000015079
000015055                  |000015080
000015055                  |000015081
000015055                  |000015082
000015055                  |000015083
000015055                  |000015085
000015055                  |000015086
000015055                  |000015087
000015055                  |000015088
000015055                  |000015089
000015055                  |000015090
000015055                  |000015091
000015055                  |000015092
000015055                  |000015093
000015055                  |000015094
000015055                  |000015095
000015055                  |000015096
000015055                  |000015097
000015055                  |000015098
000015055                  |000015099
000015055                  |000015100
000015055                  |000015101
000015055                  |000015102
000015055                  |000015103
000015055                  |000015104
000015055                  |000015105
000015055                  |000015106
000015055                  |000015107
000015055                  |000015109
000015055                  |000015111
000015055                  |000015112
000015055                  |000015113
000015055                  |000018805
000015055                  |000021303
000015055                  |000021304
000015055                  |000022000
000015055                  |000022400
000015056                  |000015056
000015056                  |000015114
000015056                  |000015116
000015056                  |000015121
000015056                  |000015122
000015057                  |000015057
000015057                  |000015127
000015057                  |000015128
000015057                  |000015129
000015057                  |000015130
000015057                  |000015131
000015057                  |000015132
000015057                  |000015133
000015057                  |000015134
000015057                  |000015135
000015057                  |000015136
000015057                  |000015137
000015057                  |000015138
000015058                  |000015058
000015058                  |000015139
000015058                  |000015140
000015058                  |000015141
000015058                  |000015142
000015058                  |000015143
000015058                  |000015144
000015058                  |000015145
000015058                  |000015146
000015061                  |000015061
000015062                  |000015062
000015062                  |000015147
000015062                  |000015148
000015062                  |000015149
000015062                  |000015150
000015062                  |000015151
000015062                  |000015152
000015062                  |000015153
000015062                  |000015154
000015062                  |000015155
000015062                  |000015156
000015062                  |000015157
000015062                  |000015158
000015062                  |000015159
000015062                  |000015160
000015062                  |000015161
000015062                  |000015162
000015062                  |000015163
000015062                  |000015164
000015062                  |000015165
000015062                  |000015166
000015063                  |000015063
000015063                  |000015167
000015063                  |000015168
000015063                  |000015169
000015063                  |000015170
000015063                  |000015171
000015063                  |000015172
000015063                  |000015173
000015063                  |000015174
000015063                  |000015175
000015063                  |000015176
000015063                  |000015178
000015063                  |000018300
000015063                  |000018301
000015063                  |000021300
000015065                  |000015065
000015065                  |000015485
000015065                  |000015486
000015065                  |000015487
000015065                  |000015490
000015065                  |000015491
000015065                  |000015492
000015067                  |000015067
000015067                  |000015507
000015067                  |000015508
000015067                  |000015509
000015067                  |000015510
000015067                  |000015511
000015067                  |000015512
000015067                  |000015513
000015069                  |000015069
000015069                  |000015520
000015069                  |000015521
000015069                  |000015522
000015069                  |000021801
000015070                  |000015070
000015071                  |000015071
000015072                  |000015072
000015074                  |000015074
000015075                  |000015075
000015076                  |000015076
000015077                  |000015077
000015078                  |000015078
000015079                  |000015079
000015080                  |000015080
000015081                  |000015081
000015082                  |000015082
000015083                  |000015083
000015085                  |000015085
000015086                  |000015086
000015087                  |000015087
000015088                  |000015088
000015089                  |000015089
000015090                  |000015090
000015091                  |000015091
000015092                  |000015092
000015093                  |000015093
000015094                  |000015094
000015095                  |000015095
000015096                  |000015096
000015097                  |000015097
000015098                  |000015098
000015099                  |000015099
000015100                  |000015100
000015101                  |000015101
000015102                  |000015102
000015103                  |000015103
000015104                  |000015104
000015105                  |000015105
000015106                  |000015106
000015107                  |000015107
000015109                  |000015109
000015111                  |000015111
000015112                  |000015112
000015113                  |000015113
000015114                  |000015114
000015116                  |000015116
000015121                  |000015121
000015122                  |000015122
000015127                  |000015127
000015128                  |000015128
000015129                  |000015129
000015130                  |000015130
000015131                  |000015131
000015132                  |000015132
000015133                  |000015133
000015134                  |000015134
000015135                  |000015135
000015136                  |000015136
000015137                  |000015137
000015138                  |000015138
000015139                  |000015139
000015140                  |000015140
000015141                  |000015141
000015142                  |000015142
000015143                  |000015143
000015144                  |000015144
000015145                  |000015145
000015146                  |000015146
000015147                  |000015147
000015148                  |000015148
000015149                  |000015149
000015150                  |000015150
000015151                  |000015151
000015152                  |000015152
000015153                  |000015153
000015154                  |000015154
000015155                  |000015155
000015156                  |000015156
000015157                  |000015157
000015158                  |000015158
000015159                  |000015159
000015160                  |000015160
000015161                  |000015161
000015162                  |000015162
000015163                  |000015163
000015164                  |000015164
000015165                  |000015165
000015166                  |000015166
000015167                  |000015167
000015168                  |000015168
000015169                  |000015169
000015170                  |000015170
000015171                  |000015171
000015172                  |000015172
000015173                  |000015173
000015174                  |000015174
000015175                  |000015175
000015176                  |000015176
000015178                  |000015178
000015209                  |000015209
000015209                  |000015578
000015209                  |000018305
000015209                  |000018306
000015209                  |000020302
000015209                  |000020700
000015210                  |000015210
000015211                  |000015211
000015211                  |000015226
000015211                  |000015958
000015212                  |000015212
000015212                  |000015238
000015213                  |000015213
000015214                  |000015214
000015221                  |000015221
000015222                  |000015222
000015223                  |000015223
000015224                  |000015224
000015225                  |000015225
000015226                  |000015226
000015229                  |000015229
000015231                  |000015231
000015238                  |000015238
000015241                  |000015241
000015246                  |000015246
000015248                  |000015248
000015249                  |000015249
000015250                  |000015250
000015251                  |000015251
000015252                  |000015252
000015254                  |000015254
000015255                  |000015255
000015256                  |000015256
000015265                  |000015265
000015266                  |000015266
000015271                  |000015271
000015275                  |000015275
000015283                  |000015283
000015285                  |000015285
000015286                  |000015286
000015297                  |000015297
000015299                  |000015299
000015307                  |000015307
000015308                  |000015308
000015325                  |000015325
000015328                  |000015328
000015329                  |000015329
000015330                  |000015330
000015332                  |000015332
000015333                  |000015333
000015334                  |000015334
000015336                  |000015336
000015337                  |000015337
000015337                  |000015809
000015337                  |000015811
000015348                  |000015348
000015349                  |000015349
000015354                  |000015354
000015355                  |000015355
000015356                  |000015356
000015357                  |000015357
000015357                  |000015814
000015357                  |000015815
000015357                  |000015816
000015364                  |000015364
000015366                  |000015366
000015367                  |000015367
000015368                  |000015368
000015368                  |000018909
000015369                  |000015369
000015371                  |000015371
000015372                  |000015372
000015373                  |000015373
000015375                  |000015375
000015376                  |000015376
000015377                  |000015377
000015378                  |000015378
000015380                  |000015380
000015382                  |000015382
000015383                  |000015383
000015384                  |000015384
000015389                  |000015369
000015389                  |000015389
000015389                  |000015817
000015389                  |000015818
000015390                  |000015390
000015426                  |000015426
000015431                  |000015431
000015432                  |000015432
000015433                  |000015433
000015434                  |000015434
000015437                  |000015437
000015439                  |000015439
000015448                  |000015448
000015450                  |000015450
000015454                  |000015454
000015457                  |000015457
000015485                  |000015485
000015486                  |000015486
000015487                  |000015487
000015490                  |000015490
000015491                  |000015491
000015492                  |000015492
000015507                  |000015507
000015508                  |000015508
000015509                  |000015509
000015510                  |000015510
000015511                  |000015511
000015512                  |000015512
000015513                  |000015513
000015520                  |000015520
000015521                  |000015521
000015522                  |000015522
000015578                  |000015578
000015737                  |000015737
000015737                  |000018705
000015766                  |000015766
000015767                  |000015767
000015769                  |000015769
000015770                  |000015770
000015787                  |000015787
000015788                  |000015788
000015794                  |000015794
000015809                  |000015809
000015811                  |000015811
000015814                  |000015814
000015815                  |000015815
000015816                  |000015816
000015817                  |000015817
000015818                  |000015818
000015958                  |000015958
000016400                  |000014902
000016400                  |000014904
000016400                  |000014936
000016400                  |000014937
000016400                  |000014948
000016400                  |000016400
000016400                  |000017602
000016400                  |000019801
000016400                  |000021400
000016500                  |000014800
000016500                  |000014814
000016500                  |000014817
000016500                  |000014873
000016500                  |000014880
000016500                  |000014916
000016500                  |000014950
000016500                  |000015213
000016500                  |000015252
000016500                  |000015256
000016500                  |000015307
000016500                  |000015330
000016500                  |000015349
000016500                  |000015357
000016500                  |000015364
000016500                  |000015372
000016500                  |000015434
000016500                  |000015448
000016500                  |000015737
000016500                  |000015766
000016500                  |000015767
000016500                  |000015814
000016500                  |000015815
000016500                  |000015816
000016500                  |000016500
000016500                  |000016900
000016500                  |000017400
000016500                  |000017603
000016500                  |000018101
000016500                  |000018103
000016500                  |000018108
000016500                  |000018109
000016500                  |000018116
000016500                  |000018124
000016500                  |000018125
000016500                  |000018307
000016500                  |000018406
000016500                  |000018407
000016500                  |000018500
000016500                  |000018700
000016500                  |000018703
000016500                  |000018704
000016500                  |000018705
000016500                  |000018800
000016500                  |000018904
000016500                  |000018910
000016500                  |000019104
000016500                  |000019106
000016500                  |000019500
000016500                  |000019501
000016500                  |000019605
000016500                  |000019609
000016500                  |000019902
000016500                  |000020100
000016500                  |000020404
000016500                  |000021805
000016500                  |000021806
000016500                  |000021833
000016601                  |000016601
000016700                  |000016700
000016900                  |000016900
000017102                  |000017102
000017201                  |000017201
000017400                  |000017400
000017602                  |000017602
000017603                  |000017603
000017700                  |000017700
000017701                  |000017701
000017702                  |000017702
000017800                  |000017800
000017801                  |000017801
000017900                  |000017900
000017901                  |000017901
000017903                  |000017903
000017904                  |000017904
000017905                  |000015221
000017905                  |000015222
000017905                  |000017905
000017905                  |000017906
000017905                  |000018404
000017905                  |000018803
000017906                  |000017906
000017909                  |000017909
000017910                  |000017910
000017912                  |000017912
000017914                  |000015437
000017914                  |000015770
000017914                  |000017914
000017914                  |000018102
000017916                  |000017916
000017923                  |000015286
000017923                  |000017923
000017923                  |000019700
000017923                  |000021823
000017925                  |000014810
000017925                  |000017925
000017925                  |000022101
000017926                  |000017926
000018100                  |000018100
000018101                  |000018101
000018102                  |000018102
000018103                  |000018103
000018103                  |000018124
000018103                  |000018125
000018103                  |000018910
000018105                  |000018105
000018105                  |000018129
000018105                  |000020000
000018107                  |000018107
000018107                  |000018119
000018108                  |000018108
000018109                  |000018109
000018110                  |000018110
000018110                  |000018132
000018110                  |000018134
000018111                  |000018111
000018112                  |000018112
000018113                  |000018113
000018115                  |000018115
000018116                  |000018116
000018117                  |000018117
000018118                  |000018118
000018119                  |000018119
000018120                  |000018120
000018124                  |000018124
000018125                  |000018125
000018126                  |000018126
000018127                  |000018127
000018128                  |000018128
000018129                  |000018129
000018131                  |000018131
000018132                  |000018132
000018133                  |000018133
000018134                  |000018134
000018136                  |000018136
000018137                  |000018137
000018138                  |000018138
000018140                  |000018140
000018200                  |000018200
000018300                  |000018300
000018300                  |000018301
000018301                  |000018301
000018303                  |000018303
000018304                  |000018304
000018305                  |000018305
000018306                  |000018306
000018307                  |000014873
000018307                  |000018307
000018307                  |000018904
000018307                  |000019104
000018307                  |000019106
000018309                  |000018309
000018401                  |000018401
000018402                  |000018402
000018404                  |000018404
000018405                  |000018405
000018406                  |000018406
000018407                  |000018407
000018500                  |000018500
000018501                  |000018501
000018601                  |000018601
000018602                  |000018602
000018700                  |000018700
000018702                  |000018702
000018703                  |000018703
000018704                  |000018704
000018705                  |000018705
000018800                  |000018800
000018803                  |000018803
000018804                  |000018804
000018805                  |000018805
000018806                  |000018806
000018900                  |000018900
000018902                  |000018902
000018904                  |000018904
000018905                  |000018905
000018906                  |000015354
000018906                  |000015356
000018906                  |000018906
000018906                  |000018911
000018907                  |000015373
000018907                  |000015787
000018907                  |000015788
000018907                  |000018907
000018908                  |000018908
000018909                  |000018909
000018910                  |000018910
000018911                  |000018911
000019000                  |000019000
000019104                  |000019104
000019106                  |000019106
000019107                  |000019107
000019109                  |000019109
000019201                  |000019201
000019300                  |000019300
000019300                  |000019301
000019300                  |000019302
000019300                  |000019303
000019300                  |000019304
000019300                  |000019305
000019300                  |000019306
000019300                  |000020200
000019301                  |000019301
000019302                  |000019302
000019303                  |000019303
000019304                  |000019304
000019305                  |000019305
000019306                  |000019306
000019307                  |000019307
000019400                  |000019400
000019400                  |000019401
000019400                  |000019402
000019400                  |000019403
000019400                  |000019404
000019400                  |000019405
000019400                  |000019406
000019400                  |000019407
000019400                  |000019408
000019400                  |000019409
000019400                  |000019410
000019400                  |000019411
000019400                  |000019412
000019401                  |000019401
000019402                  |000019402
000019403                  |000019403
000019404                  |000019404
000019405                  |000019405
000019406                  |000019406
000019407                  |000019407
000019408                  |000019408
000019409                  |000019409
000019410                  |000019410
000019411                  |000019411
000019412                  |000019412
000019500                  |000019500
000019501                  |000015349
000019501                  |000019501
000019502                  |000015450
000019502                  |000019502
000019503                  |000015382
000019503                  |000015383
000019503                  |000019503
000019602                  |000019602
000019603                  |000015308
000019603                  |000018304
000019603                  |000019603
000019603                  |000020001
000019603                  |000020500
000019603                  |000021701
000019603                  |000021803
000019605                  |000019605
000019606                  |000019606
000019607                  |000019607
000019608                  |000019608
000019609                  |000019609
000019610                  |000019610
000019611                  |000019611
000019700                  |000019700
000019800                  |000019800
000019801                  |000019801
000019900                  |000019900
000019900                  |000021301
000019900                  |000021302
000019902                  |000019902
000020000                  |000020000
000020001                  |000020001
000020100                  |000020100
000020200                  |000020200
000020300                  |000020300
000020301                  |000020301
000020302                  |000020302
000020303                  |000015369
000020303                  |000015371
000020303                  |000015373
000020303                  |000015389
000020303                  |000015454
000020303                  |000015787
000020303                  |000015788
000020303                  |000015817
000020303                  |000015818
000020303                  |000018133
000020303                  |000018907
000020303                  |000020303
000020303                  |000020405
000020303                  |000020408
000020403                  |000020403
000020404                  |000020404
000020405                  |000020405
000020407                  |000020407
000020408                  |000020408
000020411                  |000020411
000020500                  |000020500
000020501                  |000020501
000020600                  |000020600
000020700                  |000020700
000020701                  |000017900
000020701                  |000018702
000020701                  |000020701
000020701                  |000021831
000020800                  |000020800
000020801                  |000020801
000020900                  |000020900
000020901                  |000014869
000020901                  |000014870
000020901                  |000020901
000020902                  |000018111
000020902                  |000018127
000020902                  |000020902
000021000                  |000021000
000021001                  |000021001
000021300                  |000021300
000021301                  |000021301
000021302                  |000021302
000021303                  |000021303
000021304                  |000021304
000021305                  |000014765
000021305                  |000021305
000021306                  |000017800
000021306                  |000021306
000021400                  |000021400
000021500                  |000021500
000021700                  |000021700
000021701                  |000021701
000021800                  |000021800
000021801                  |000021801
000021802                  |000021802
000021803                  |000021803
000021804                  |000021804
000021804                  |000021809
000021804                  |000021811
000021804                  |000021813
000021804                  |000021814
000021804                  |000021837
000021805                  |000021805
000021806                  |000021806
000021807                  |000021807
000021809                  |000021809
000021810                  |000021810
000021811                  |000021811
000021812                  |000021812
000021813                  |000021813
000021814                  |000021814
000021815                  |000021815
000021815                  |000021902
000021815                  |000021903
000021815                  |000021904
000021816                  |000021816
000021817                  |000021817
000021818                  |000021818
000021819                  |000021819
000021820                  |000021820
000021821                  |000021821
000021822                  |000015241
000021822                  |000021822
000021822                  |000022202
000021822                  |000022305
000021823                  |000021823
000021824                  |000021816
000021824                  |000021817
000021824                  |000021818
000021824                  |000021819
000021824                  |000021820
000021824                  |000021824
000021824                  |000021826
000021824                  |000021828
000021825                  |000021825
000021826                  |000021826
000021828                  |000021828
000021829                  |000021829
000021831                  |000021831
000021832                  |000015354
000021832                  |000015356
000021832                  |000018105
000021832                  |000018120
000021832                  |000018129
000021832                  |000018131
000021832                  |000018906
000021832                  |000018911
000021832                  |000020000
000021832                  |000021832
000021833                  |000021833
000021834                  |000021834
000021835                  |000015433
000021835                  |000021835
000021837                  |000021837
000021900                  |000021900
000021902                  |000021902
000021903                  |000021903
000021904                  |000021904
000021905                  |000021905
000021906                  |000015426
000021906                  |000017910
000021906                  |000018126
000021906                  |000021906
000021907                  |000021907
000022000                  |000022000
000022100                  |000022100
000022101                  |000022101
000022102                  |000022102
000022202                  |000022202
000022300                  |000022300
000022301                  |000015286
000022301                  |000017923
000022301                  |000019700
000022301                  |000021500
000022301                  |000021812
000022301                  |000021816
000022301                  |000021817
000022301                  |000021818
000022301                  |000021819
000022301                  |000021820
000022301                  |000021823
000022301                  |000021824
000022301                  |000021826
000022301                  |000021828
000022301                  |000022301
000022301                  |000022303
000022303                  |000021812
000022303                  |000022303
000022304                  |000022304
000022305                  |000022305
000022306                  |000022306
000022307                  |000022307
000022308                  |000022308
000022309                  |000022309
000022400                  |000022400
000000101                  |000018100
000000101                  |000018101
000000101                  |000018102
000000101                  |000018103
000000101                  |000018105
000000101                  |000018107
000000101                  |000018108
000000101                  |000018109
000000101                  |000018110
000000101                  |000018111
000000101                  |000018112
000000101                  |000018113
000000101                  |000018115
000000101                  |000018116
000000101                  |000018117
000000101                  |000018118
000000101                  |000018119
000000101                  |000018120
000000101                  |000018124
000000101                  |000018125
000000101                  |000018126
000000101                  |000018127
000000101                  |000018128
000000101                  |000018129
000000101                  |000018131
000000101                  |000018132
000000101                  |000018133
000000101                  |000018134
000000101                  |000018136
000000101                  |000018137
000000101                  |000018138
000000101                  |000018140
000000101                  |000018200
000000101                  |000018300
000000101                  |000018301
000000101                  |000018303
000000101                  |000018304
000000101                  |000018305
000000101                  |000018306
000000101                  |000018307
000000101                  |000018309
000000101                  |000018401
000000101                  |000018402
000000101                  |000018404
000000101                  |000018405
000000101                  |000018406
000000101                  |000018407
000000101                  |000018500
000000101                  |000018501
000000101                  |000018601
000000101                  |000018602
000000101                  |000018700
000000101                  |000018702
000000101                  |000018703
000000101                  |000018704
000000101                  |000018705
000000101                  |000018800
000000101                  |000018803
000000101                  |000018804
000000101                  |000018805
000000101                  |000018806
000000101                  |000018900
000000101                  |000018902
000000101                  |000018904
000000101                  |000018905
000000101                  |000018906
000000101                  |000018907
000000101                  |000018908
000000101                  |000018909
000000101                  |000018910
000000101                  |000018911
000000101                  |000019000
000000101                  |000019104
000000101                  |000019106
000000101                  |000019107
000000101                  |000019109
000000101                  |000019201
000000101                  |000019300
000000101                  |000019301
000000101                  |000019302
000000101                  |000019303
000000101                  |000019304
000000101                  |000019305
000000101                  |000019306
000000101                  |000019307
000000101                  |000019400
000000101                  |000019401
000000101                  |000019402
000000101                  |000019403
000000101                  |000019404
000000101                  |000019405
000000101                  |000019406
000000101                  |000019407
000000101                  |000019408
000000101                  |000019409
000000101                  |000019410
000000101                  |000019411
000000101                  |000019412
000000101                  |000019500
000000101                  |000019501
000000101                  |000019502
000000101                  |000019503
000000101                  |000019602
000000101                  |000019603
000000101                  |000019605
000000101                  |000019606
000000101                  |000019607
000000101                  |000019608
000000101                  |000019609
000000101                  |000019610
000000101                  |000019611
000000101                  |000019700
000000101                  |000019800
000000101                  |000019801
000000101                  |000019900
000000101                  |000019902
000000101                  |000020000
000000101                  |000020001
000000101                  |000020100
000000101                  |000020200
000000101                  |000020300
000000101                  |000020301
000000101                  |000020302
000000101                  |000020303
000000101                  |000020403
000000101                  |000020404
000000101                  |000020405
000000101                  |000020407
000000101                  |000020408
000000101                  |000020411
000000101                  |000020500
000000101                  |000020501
000000101                  |000020600
000000101                  |000020700
000000101                  |000020701
000000101                  |000020800
000000101                  |000020801
000000101                  |000020900
000000101                  |000020901
000000101                  |000020902
000000101                  |000021000
000000101                  |000021001
000000101                  |000021300
000000101                  |000021301
000000101                  |000021302
000000101                  |000021303
000000101                  |000021304
000000101                  |000021305
000000101                  |000021306
000000101                  |000021400
000000101                  |000021500
000000101                  |000021700
000000101                  |000021701
000000101                  |000021800
000000101                  |000021801
000000101                  |000021802
000000101                  |000021803
000000101                  |000021804
000000101                  |000021805
000000101                  |000021806
000000101                  |000021807
000000101                  |000021809
000000101                  |000021810
000000101                  |000021811
000000101                  |000021812
000000101                  |000021813
000000101                  |000021814
000000101                  |000021815
000000101                  |000021816
000000101                  |000021817
000000101                  |000021818
000000101                  |000021819
000000101                  |000021820
000000101                  |000021821
000000101                  |000021822
000000101                  |000021823
000000101                  |000021824
000000101                  |000021825
000000101                  |000021826
000000101                  |000021828
000000101                  |000021829
000000101                  |000021831
000000101                  |000021832
000000101                  |000021833
000000101                  |000021834
000000101                  |000021835
000000101                  |000021837
000000101                  |000021900
000000101                  |000021902
000000101                  |000021903
000000101                  |000021904
000000101                  |000021905
000000101                  |000021906
000000101                  |000021907
000000101                  |000022000
000000101                  |000022100
000000101                  |000022101
000000101                  |000022102
000000101                  |000022202
000000101                  |000022300
000000101                  |000022301
000000101                  |000022303
000000101                  |000022304
000000101                  |000022305
000000101                  |000022306
000000101                  |000022307
000000101                  |000022308
000000101                  |000022309
000000101                  |000022400
000012901                  |000012901
000012903                  |000012903
000012903                  |000014771
000012903                  |000014772
000012903                  |000014774
000012903                  |000014778
000012903                  |000014815
000012903                  |000014828
000012903                  |000014839
000012903                  |000014857
000000000                  |000017923
000000000                  |000017925
000000000                  |000017926
000000000                  |000018100
000000000                  |000018101
000000000                  |000018102
000000000                  |000018103
000000000                  |000018105
000000000                  |000018107
000000000                  |000018108
000000000                  |000018109
000000000                  |000018110
000000000                  |000018111
000000000                  |000018112
000000000                  |000018113
000000000                  |000018115
000000000                  |000018116
000000000                  |000018117
000000000                  |000018118
000000000                  |000018119
000000000                  |000018120
000000000                  |000018124
000000000                  |000018125
000000000                  |000018126
000000000                  |000018127
000000000                  |000018128
000000000                  |000018129
000000000                  |000018131
000000000                  |000018132
000000000                  |000018133
000000000                  |000018134
000000000                  |000018136
000000000                  |000018137
000000000                  |000018138
000000000                  |000018140
000000000                  |000018200
000000000                  |000018300
000000000                  |000018301
000000000                  |000018303
000000000                  |000018304
000000000                  |000018305
000000000                  |000018306
000000000                  |000018307
000000000                  |000018309
000000000                  |000018401
000000000                  |000018402
000000000                  |000018404
000000000                  |000018405
000000000                  |000018406
000000000                  |000018407
000000000                  |000018500
000000000                  |000018501
000000000                  |000018601
000000000                  |000018602
000000000                  |000018700
000000000                  |000018702
000000000                  |000018703
000000000                  |000018704
000000000                  |000018705
000000000                  |000018800
000000000                  |000018803
000000000                  |000018804
000000000                  |000018805
000000000                  |000018806
000000000                  |000018900
000000000                  |000018902
000000000                  |000018904
000000000                  |000018905
000000000                  |000018906
000000000                  |000018907
000000000                  |000018908
000000000                  |000018909
000000000                  |000018910
000000000                  |000018911
000000000                  |000019000
000000000                  |000019104
000000000                  |000019106
000000000                  |000019107
000000000                  |000019109
000000000                  |000019201
000000000                  |000019300
000000000                  |000019301
000000000                  |000019302
000000000                  |000019303
000000000                  |000019304
000000000                  |000019305
000000000                  |000019306
000000000                  |000019307
000000000                  |000019400
000000000                  |000019401
000000000                  |000019402
000000000                  |000019403
000000000                  |000019404
000000000                  |000019405
000000000                  |000019406
000000000                  |000019407
000000000                  |000019408
000000000                  |000019409
000000000                  |000019410
000000000                  |000019411
000000000                  |000019412
000000000                  |000019500
000000000                  |000019501
000000000                  |000019502
000000000                  |000019503
000000000                  |000019602
000000000                  |000019603
000000000                  |000019605
000000000                  |000019606
000000000                  |000019607
000000000                  |000019608
000000000                  |000019609
000000000                  |000019610
000000000                  |000019611
000000000                  |000019700
000000000                  |000019800
000000000                  |000019801
000000000                  |000019900
000000000                  |000019902
000000000                  |000020000
000000000                  |000020001
000000000                  |000020100
000000000                  |000020200
000000000                  |000020300
000000000                  |000020301
000000000                  |000020302
000000000                  |000020303
000000000                  |000020403
000000000                  |000020404
000000000                  |000020405
000000000                  |000020407
000000000                  |000020408
000000000                  |000020411
000000000                  |000020500
000000000                  |000020501
000000000                  |000020600
000000000                  |000020700
000000000                  |000020701
000000000                  |000020800
000000000                  |000020801
000000000                  |000020900
000000000                  |000020901
000000000                  |000020902
000000000                  |000021000
000000000                  |000021001
000000000                  |000021300
000000000                  |000021301
000000000                  |000021302
000000000                  |000021303
000000000                  |000021304
000000000                  |000021305
000000000                  |000021306
000000000                  |000021400
000000000                  |000021500
000000000                  |000021700
000000000                  |000021701
000000000                  |000021800
000000000                  |000021801
000000000                  |000021802
000000000                  |000021803
000000000                  |000021804
000000000                  |000021805
000000000                  |000021806
000000000                  |000021807
000000000                  |000021809
000000000                  |000021810
000000000                  |000021811
000000000                  |000021812
000000000                  |000021813
000000000                  |000021814
000000000                  |000021815
000000000                  |000021816
000000000                  |000021817
000000000                  |000021818
000000000                  |000021819
000000000                  |000021820
000000000                  |000021821
000000000                  |000021822
000000000                  |000021823
000000000                  |000021824
000000000                  |000021825
000000000                  |000021826
000000000                  |000021828
000000000                  |000021829
000000000                  |000021831
000000000                  |000021832
000000000                  |000021833
000000000                  |000021834
000000000                  |000021835
000000000                  |000021837
000000000                  |000021900
000000000                  |000021902
000000000                  |000021903
000000000                  |000021904
000000000                  |000021905
000000000                  |000021906
000000000                  |000021907
000000000                  |000022000
000000000                  |000022100
000000000                  |000022101
000000000                  |000022102
000000000                  |000022202
000000000                  |000022300
000000000                  |000022301
000000000                  |000022303
000000000                  |000022304
000000000                  |000022305
000000000                  |000022306
000000000                  |000022307
000000000                  |000022308
000000000                  |000022309
000000000                  |000022400
000000101                  |000000101
000000101                  |000012901
000000101                  |000012903
000000101                  |000012904
000000101                  |000012905
